ASVid	Lj_Gifu_LjSC_1_endo	Lj_Gifu_LjSC_1_nod	Lj_Gifu_LjSC_1_rhizo	Lj_Gifu_LjSC_2_endo	Lj_Gifu_LjSC_2_nod	Lj_Gifu_LjSC_2_rhizo	Lj_Gifu_LjSC_3_endo	Lj_Gifu_LjSC_3_nod	Lj_Gifu_LjSC_3_rhizo	Lj_Gifu_LjSC_4_endo	Lj_Gifu_LjSC_4_nod	Lj_Gifu_LjSC_4_rhizo	Lj_ccamk_LjSC_1_endo	Lj_ccamk_LjSC_1_rhizo	Lj_ccamk_LjSC_2_endo	Lj_ccamk_LjSC_2_rhizo	Lj_ccamk_LjSC_3_endo	Lj_ccamk_LjSC_3_rhizo	Lj_ccamk_LjSC_4_endo	Lj_ccamk_LjSC_4_rhizo	Lj_f6h1_LjSC_1_endo	Lj_f6h1_LjSC_1_nod	Lj_f6h1_LjSC_1_rhizo	Lj_f6h1_LjSC_2_endo	Lj_f6h1_LjSC_2_nod	Lj_f6h1_LjSC_2_rhizo	Lj_f6h1_LjSC_3_endo	Lj_f6h1_LjSC_3_nod	Lj_f6h1_LjSC_3_rhizo	Lj_f6h1_LjSC_4_endo	Lj_f6h1_LjSC_4_nod	Lj_f6h1_LjSC_4_rhizo	Lj_nsp1_LjSC_1_endo	Lj_nsp1_LjSC_1_rhizo	Lj_nsp1_LjSC_2_endo	Lj_nsp1_LjSC_2_rhizo	Lj_nsp1_LjSC_3_endo	Lj_nsp1_LjSC_3_rhizo	Lj_nsp1_LjSC_4_endo	Lj_nsp1_LjSC_4_rhizo	Lj_nsp2_LjSC_1_endo	Lj_nsp2_LjSC_1_rhizo	Lj_nsp2_LjSC_2_endo	Lj_nsp2_LjSC_2_rhizo	Lj_nsp2_LjSC_3_endo	Lj_nsp2_LjSC_3_rhizo	Lj_nsp2_LjSC_4_endo	Lj_nsp2_LjSC_4_rhizo	Lj_symrk_LjSC_1_endo	Lj_symrk_LjSC_1_rhizo	Lj_symrk_LjSC_2_endo	Lj_symrk_LjSC_2_rhizo	Lj_symrk_LjSC_3_endo	Lj_symrk_LjSC_3_rhizo	Lj_symrk_LjSC_4_endo	Lj_symrk_LjSC_4_rhizo
LjRoot221	674	40	597	706	21	744	567	22	378	867	87	483	1020	1029	828	747	1083	891	739	921	811	57	598	728	35	478	1283	24	442	855	35	752	825	726	994	850	935	572	720	804	1266	742	1345	629	1426	782	492	753	809	785	973	883	878	882	1053	703
LjRoot149	485	54	1121	230	20	796	340	13	799	287	75	735	835	687	524	889	830	790	1407	563	454	75	743	304	35	790	401	14	586	396	35	655	744	517	616	601	984	744	783	699	723	755	427	676	387	679	192	390	312	839	303	806	351	559	719	609
G37_LjNodule209	141	1552	24	812	3364	12	1964	4529	14	2175	3476	34	9	2	11	0	0	7	0	2	1219	1090	9	1769	1249	31	183	2212	8	826	3111	19	0	6	7	7	8	5	27	8	0	0	8	5	0	6	0	1	0	0	7	6	18	40	0	0
LjRoot228	1122	3641	12	957	1921	39	273	1010	2	64	1588	58	0	0	0	15	7	0	1	0	209	3982	20	173	4103	0	41	3336	9	105	2312	13	35	10	3	0	0	0	0	0	7	4	0	0	14	0	10	2	5	1	5	0	13	11	2	4
LjRoot223	356	11	197	615	22	157	132	3	161	129	6	177	106	123	920	110	11	11	7	6	31	4	19	84	2	128	80	3	77	421	1	157	1004	198	262	213	158	233	56	142	117	53	451	385	219	310	2947	684	1422	138	1070	212	1594	161	150	341
G21_LjRoot111	230	19	416	218	20	413	132	10	535	112	32	447	215	245	603	285	193	204	240	196	207	50	387	141	26	373	196	10	504	298	29	332	259	364	389	242	276	238	412	265	422	359	240	282	287	358	333	389	812	365	739	309	509	349	242	226
G3_LjRoot129	116	103	94	106	159	142	73	12	124	87	41	137	389	379	294	251	428	335	401	353	170	51	212	117	11	115	187	12	166	132	13	156	108	192	189	284	207	272	172	200	381	312	401	381	483	348	164	237	198	353	284	402	188	315	361	244
LjRoot196	364	12	238	101	11	355	117	1	329	221	24	337	240	104	196	411	176	321	122	66	292	14	417	195	6	348	373	2	335	143	0	236	524	506	417	355	107	292	209	310	187	315	111	359	60	137	30	112	153	339	98	106	304	324	125	470
G8_LjRoot126	164	125	298	201	91	374	114	45	360	106	116	385	72	157	117	236	66	188	79	188	248	183	453	190	137	383	183	52	383	125	113	413	37	183	84	257	101	212	104	241	67	295	73	261	103	276	36	254	39	134	25	177	57	167	122	137
LjRoot259	201	10	255	103	8	217	170	9	322	166	29	250	60	70	222	180	181	142	67	48	106	10	154	190	16	304	298	3	252	186	5	296	168	199	241	201	220	349	196	279	216	190	242	291	228	263	83	295	139	184	143	217	134	161	73	406
G32_LjRoot291	189	17	99	192	18	120	177	5	134	195	24	109	155	137	286	150	274	111	154	68	135	29	130	185	12	157	289	9	95	222	8	130	336	168	332	173	501	153	349	173	316	153	253	161	362	167	211	201	280	124	157	105	225	121	134	123
G11_LjRoot25	109	14	154	260	7	130	35	0	99	103	24	99	112	90	121	110	155	39	79	14	53	6	74	70	0	127	126	4	147	424	11	175	381	258	277	192	466	328	147	259	154	94	280	198	113	260	174	237	320	171	312	242	233	162	101	182
G16_LjRoot125	128	14	140	94	14	187	104	5	113	59	27	168	380	333	116	152	210	252	379	482	205	29	223	91	17	153	163	8	126	61	8	177	99	118	128	128	129	121	169	124	121	135	162	111	123	87	90	184	50	160	67	134	65	182	330	119
LjRoot17	94	5	185	143	6	215	79	0	103	51	15	160	178	445	54	141	151	332	110	601	120	19	277	37	2	128	63	1	120	31	2	136	68	209	91	216	73	145	135	151	105	225	55	61	98	63	54	112	33	230	15	144	57	256	452	137
LjRoot82	91	4	444	38	3	252	42	0	310	69	12	248	174	176	115	176	146	163	123	155	68	0	236	89	0	331	80	2	251	64	0	220	97	194	163	192	160	266	134	161	111	128	64	163	61	85	26	118	44	349	54	149	75	204	190	406
G2_LjRoot102	89	0	79	42	0	105	88	0	137	48	19	109	285	244	179	229	235	227	171	212	91	0	127	58	0	78	129	0	136	71	0	125	100	155	161	200	118	187	182	211	127	247	272	325	115	214	140	181	73	151	108	214	117	191	234	135
G20_LjRoot162	58	5	257	56	7	284	56	0	294	42	6	386	100	97	71	196	112	103	121	106	68	0	213	47	0	264	63	0	330	113	8	286	81	218	157	160	120	161	140	215	145	195	84	145	117	240	107	216	205	190	233	240	92	256	103	154
LjRoot183	49	1	98	40	3	128	118	0	230	49	12	136	369	175	271	217	213	144	487	216	79	5	110	60	3	125	152	4	124	72	15	134	100	122	128	142	133	149	150	118	243	185	308	215	263	175	91	130	101	139	337	172	147	148	166	168
G1_LjRoot134	177	12	134	58	4	76	69	51	105	80	7	79	63	54	51	78	69	64	84	48	98	16	119	90	4	70	246	3	110	242	0	106	80	92	128	136	145	128	112	151	61	69	55	97	99	114	29	95	71	73	92	85	40	50	44	87
LjRoot71	5	1	49	4	0	78	2	0	131	1	6	144	23	285	4	61	13	274	29	260	5	0	233	0	0	55	0	0	98	0	0	49	0	73	3	90	8	36	33	69	5	128	4	64	6	81	5	55	3	47	1	71	3	63	234	36
LjRoot289	71	14	74	53	2	81	74	3	80	85	21	136	8	22	39	98	22	34	47	51	71	16	69	65	5	125	119	5	197	61	1	95	36	139	39	109	36	141	88	130	69	93	20	31	30	99	7	40	35	75	29	69	74	91	14	86
LjRoot3	60	7	36	43	7	38	125	5	35	43	5	35	114	71	41	46	123	71	92	114	87	8	59	57	8	53	59	6	53	28	7	41	38	47	80	58	41	58	67	65	43	42	35	40	45	29	11	32	26	50	46	45	53	64	62	60
G4_LjRoot26	17	2	24	11	7	45	20	0	57	11	6	86	31	76	35	60	18	56	38	94	20	4	70	10	0	30	24	0	50	16	2	45	21	51	20	90	19	30	49	57	35	78	26	65	40	64	33	68	19	47	23	57	15	52	74	31
LjRoot18	18	2	32	5	2	19	35	2	35	23	2	52	3	12	38	78	3	17	0	9	7	0	7	31	0	48	41	4	44	22	2	79	30	46	34	58	36	63	39	64	20	20	70	65	82	60	40	126	16	51	41	166	13	90	15	135
G6_LjRoot130	29	0	23	29	0	36	24	0	33	19	13	42	31	25	30	56	54	44	35	30	29	12	46	23	0	61	36	4	42	32	0	47	17	46	36	37	20	73	47	50	45	77	35	67	51	87	21	62	31	50	26	64	26	66	25	56
G17_LjRoot232	23	1	42	0	0	77	7	0	98	8	4	78	16	29	11	39	40	36	30	30	28	6	48	13	2	48	21	1	70	3	1	22	35	65	42	41	36	27	0	35	30	127	30	39	21	49	42	65	15	52	18	31	15	51	30	29
LjRoot227	37	2	27	47	0	22	48	1	22	39	3	21	11	10	47	33	16	8	2	8	21	0	15	69	0	24	69	0	30	61	2	43	27	29	35	23	39	33	53	24	40	13	64	33	87	36	49	57	25	15	31	30	26	42	11	36
LjRoot219	32	1	21	48	1	24	33	1	18	54	2	41	43	30	22	29	40	18	22	28	59	4	33	32	2	40	20	0	38	58	1	30	23	34	16	36	36	20	30	43	32	26	15	14	27	26	16	25	13	24	17	16	18	24	24	20
LjRoot243	19	3	15	31	2	7	35	0	12	26	0	13	22	14	32	36	37	15	20	11	30	0	7	41	0	31	45	3	18	63	4	30	39	13	42	19	47	23	76	20	44	25	57	24	90	25	15	26	29	12	64	24	22	16	18	14
LjRoot122	32	0	56	20	0	56	9	0	52	3	0	39	94	193	16	53	73	246	65	238	48	0	120	6	0	49	25	0	40	0	0	39	5	45	14	54	9	43	29	53	19	89	6	51	11	50	25	93	3	51	4	45	19	69	163	44
G12_LjRoot70	13	0	44	8	0	16	0	0	64	20	0	51	12	30	0	0	39	36	12	0	12	0	52	0	0	32	16	0	31	0	0	19	13	62	59	58	0	37	0	31	29	38	0	32	0	16	0	20	0	17	9	13	17	57	21	22
G29_LjRoot226	22	3	13	14	1	25	11	1	14	19	0	23	39	18	25	11	35	13	57	21	22	7	16	26	1	22	26	0	14	19	0	25	16	18	35	22	25	20	24	20	23	14	24	17	29	23	14	27	26	11	20	16	19	33	29	28
LjRoot237	21	1	9	14	2	10	24	3	6	9	0	7	34	29	25	18	31	38	23	32	43	14	24	19	0	16	16	3	12	27	1	16	27	22	31	25	33	15	52	15	36	18	21	21	29	16	11	16	28	13	17	18	18	11	27	11
G22_LjRoot238	18	1	11	14	1	14	32	0	27	15	2	14	24	27	9	25	31	24	9	29	24	0	25	29	0	17	15	0	23	21	0	24	12	15	23	17	14	24	25	27	24	22	30	23	11	19	12	26	10	21	22	32	7	25	35	14
LjRoot10	17	0	20	13	0	22	11	0	19	34	8	18	30	28	14	15	23	36	27	41	165	0	22	10	0	18	18	0	13	9	0	20	7	20	6	6	9	11	0	18	12	11	20	29	12	9	8	10	2	11	12	27	4	20	29	14
G7_LjRoot117	10	0	11	13	0	14	5	0	11	8	1	10	38	20	11	13	25	13	39	22	23	3	16	11	0	5	14	0	13	2	0	15	51	55	42	33	13	30	16	28	28	12	3	17	11	23	1	11	5	15	0	15	13	21	16	20
LjRoot229	8	0	5	5	0	6	29	0	9	17	12	10	14	8	27	14	21	12	20	10	0	3	4	18	8	0	18	0	9	32	0	12	30	10	36	9	31	10	0	0	42	7	34	8	41	14	11	9	28	11	33	13	8	9	7	3
LjRoot11	11	6	20	13	2	16	7	0	21	17	3	16	12	21	5	5	2	7	12	18	24	3	11	8	4	10	21	3	7	14	4	20	12	20	4	11	16	9	52	3	21	9	23	18	12	8	7	11	7	12	6	16	19	16	22	10
G36_LjRoot142	12	1	13	10	0	23	13	0	14	9	0	16	0	11	0	33	9	12	7	14	21	0	12	22	3	21	15	0	19	13	0	16	7	14	15	13	10	16	0	7	6	13	17	10	11	14	4	16	4	11	6	15	6	24	19	15
G5_LjRoot105	0	0	5	0	0	13	0	0	11	0	0	15	31	39	0	19	0	27	39	47	0	0	25	0	0	0	0	0	10	0	0	12	0	28	0	37	0	15	0	19	0	22	0	51	0	12	0	11	0	10	0	33	0	16	31	13
G14_LjRoot22	36	0	5	13	0	7	21	0	16	24	0	13	0	5	8	17	4	2	0	2	7	0	2	55	0	17	55	0	10	36	0	18	13	6	16	7	17	12	14	11	10	8	19	13	24	15	37	34	8	9	28	31	12	17	5	31
LjRoot285	22	0	0	10	0	0	12	0	8	12	0	7	0	0	0	0	21	10	12	0	16	0	0	15	0	0	35	0	10	14	0	0	20	5	22	0	30	9	0	0	23	0	19	0	31	9	0	10	76	6	10	0	14	2	2	7
LjRoot240	14	0	2	13	2	9	4	0	13	10	0	8	7	2	0	0	10	5	1	2	4	0	9	13	2	10	27	19	11	17	0	8	9	5	21	5	16	9	0	0	20	14	9	16	14	9	6	9	17	10	8	11	15	14	5	13
LjRoot248	7	0	16	21	0	3	9	0	12	12	0	9	7	6	7	4	5	5	0	3	6	0	4	36	0	11	21	0	10	28	0	11	8	1	6	1	16	4	0	7	6	5	17	6	25	10	4	8	7	8	4	7	7	10	3	6
LjRoot89	1	1	8	2	0	10	4	0	8	5	0	4	12	14	7	8	2	8	14	28	4	1	9	4	0	6	4	0	3	4	0	8	0	2	1	0	1	1	0	0	7	14	5	8	12	9	2	14	3	8	6	6	5	7	17	7
LjRoot1	9	0	9	5	1	11	8	0	6	11	0	6	5	8	0	3	6	6	5	9	7	0	9	5	0	5	10	0	6	6	0	9	2	7	10	5	6	7	14	7	2	2	6	9	6	11	1	10	8	10	5	8	6	7	4	10
G35_LjRoot145	8	0	0	0	0	0	8	0	0	0	6	0	16	5	15	0	10	10	10	28	0	0	4	0	0	0	0	0	9	0	0	0	6	8	21	9	5	0	0	9	10	10	7	10	0	3	2	11	14	10	13	8	9	11	10	0
G30_LjRoot2	7	2	9	6	0	5	6	0	6	6	0	5	14	3	2	3	6	8	4	5	6	0	5	5	2	5	16	1	7	5	0	11	1	10	8	6	1	2	8	8	11	10	10	11	3	4	5	9	6	11	3	8	1	7	6	6
LjRoot277	3	0	14	1	0	13	3	0	11	0	0	8	1	3	0	4	0	5	1	5	2	0	14	2	0	14	8	0	16	5	0	13	2	12	0	9	4	12	0	8	5	9	2	11	7	18	3	20	4	10	2	11	1	12	5	10
LjRoot152	1	0	6	0	0	5	0	0	8	1	0	3	6	12	0	8	0	7	9	17	1	0	4	0	0	3	2	0	7	4	0	8	1	11	2	3	0	6	0	0	0	9	0	2	0	8	0	4	2	8	0	2	4	4	21	10
G33_LjRoot104	5	0	0	0	0	3	0	1	6	3	7	0	14	1	8	0	10	7	1	1	10	13	6	0	0	0	6	0	4	8	0	5	7	5	14	0	9	0	0	0	11	3	7	0	2	4	1	7	6	4	11	6	2	4	3	6
G27_LjRoot78	5	0	8	0	0	10	4	0	11	3	0	8	0	0	0	10	0	7	0	2	2	0	5	4	0	1	6	0	15	0	0	4	1	8	1	5	0	6	0	7	2	14	1	7	0	9	0	7	1	5	0	8	1	13	4	2
LjRoot30	1	1	2	7	1	10	3	2	4	2	0	5	6	5	0	6	5	5	1	2	7	0	4	2	0	0	7	0	2	4	0	2	0	4	4	5	4	3	0	8	3	2	1	5	5	4	0	9	0	1	1	7	1	6	2	2
LjRoot296	4	0	13	3	0	3	5	0	2	0	3	3	4	5	11	3	5	2	3	5	2	0	7	4	2	6	4	0	9	4	5	5	6	6	4	10	6	2	38	22	2	6	1	7	0	1	3	6	0	4	4	8	1	2	8	1
G24_LjRoot12	12	0	4	3	0	3	3	0	8	3	0	2	1	4	0	5	4	4	2	7	1	1	3	7	0	7	8	0	8	4	0	0	2	3	1	8	3	1	0	2	0	3	0	1	0	3	0	3	0	4	2	7	2	6	4	3
LjRoot295	1	0	0	2	0	1	9	0	3	0	0	2	19	3	3	7	11	6	1	4	0	0	2	0	0	0	4	0	3	0	0	2	1	1	1	2	1	2	0	0	4	2	12	6	4	3	2	2	6	2	7	2	6	6	4	0
LjRoot257	4	0	0	7	0	7	0	0	6	0	0	4	15	7	0	0	3	2	0	5	0	0	6	0	0	0	0	0	0	0	0	0	0	0	0	2	0	0	0	0	9	6	0	0	0	2	0	0	0	4	0	4	0	0	2	0
G9_LjRoot131	3	0	7	0	0	0	0	0	0	0	0	0	13	0	0	0	13	0	37	5	0	0	0	0	0	0	0	0	0	0	0	0	4	0	0	0	5	0	0	0	4	0	0	0	0	15	0	0	0	0	0	0	0	0	2	0
LjRoot258	5	3	0	14	0	0	12	0	0	9	0	1	0	0	0	2	0	0	0	0	0	0	0	14	0	0	9	0	0	6	0	0	2	0	0	0	0	0	0	13	0	0	12	0	0	0	0	0	11	0	1	0	0	0	0	0
G15_LjRoot29	2	0	2	3	0	5	1	0	2	2	0	0	0	0	0	0	0	0	0	0	0	0	0	2	0	0	2	0	2	1	0	4	0	5	4	2	0	8	0	3	0	2	2	6	0	4	1	5	0	1	3	9	0	11	1	18
LjRoot244	0	0	3	36	2	1	0	0	4	0	0	1	0	3	0	0	0	1	0	1	0	0	1	0	0	0	1	0	1	0	0	0	0	0	0	1	0	4	0	0	0	1	0	0	0	1	0	2	0	2	17	0	0	4	3	3
LjRoot230	1	0	1	2	0	2	1	0	4	0	0	0	0	0	2	0	0	0	0	0	0	0	0	1	0	3	3	0	2	0	0	3	4	4	2	8	0	4	0	1	0	0	1	3	5	9	3	9	2	2	1	9	2	1	0	10
LjRoot8	0	0	0	0	0	4	0	0	2	0	0	2	0	5	0	2	0	3	0	2	0	0	2	2	0	0	1	0	5	0	0	0	0	3	0	6	0	4	0	1	0	3	0	2	0	3	0	1	0	1	0	1	0	3	3	0
LjRoot220	0	0	0	3	0	0	0	0	1	0	0	0	0	3	0	0	0	1	1	0	2	0	1	3	0	0	2	1	0	3	0	0	6	0	4	2	0	2	0	0	3	3	0	0	0	2	0	0	2	0	0	1	0	0	2	0
G34_LjRoot233	4	0	0	0	0	0	0	0	1	1	0	0	7	0	0	0	2	0	0	0	0	0	2	2	0	0	4	0	0	4	0	3	0	0	2	2	0	0	0	0	2	0	0	0	0	1	0	4	0	2	0	0	2	2	0	0
LjRoot58	0	0	2	1	0	3	0	0	7	1	1	1	0	0	0	0	0	0	0	0	0	0	1	0	0	10	0	0	3	0	0	5	0	0	0	0	0	0	0	0	0	0	0	0	0	0	0	0	0	0	0	0	0	0	0	0
LjRoot80	0	0	0	0	0	0	0	0	2	0	0	1	0	2	0	0	0	4	0	1	0	0	2	0	0	0	0	0	6	0	0	1	0	3	0	0	0	0	0	1	0	3	0	2	0	4	0	2	0	0	0	1	0	2	3	2
LjRoot224	0	4	0	0	6	0	0	0	0	0	0	0	0	0	0	0	0	0	4	0	0	4	0	0	4	0	0	1	0	0	6	0	0	0	0	0	0	0	38	0	0	0	0	0	0	0	0	0	0	0	0	0	0	0	0	0
LjRoot247	1	0	2	0	0	2	0	0	2	0	0	5	0	0	0	1	0	0	0	0	0	0	0	0	0	0	0	0	3	0	0	0	0	4	0	4	0	3	0	1	2	0	0	2	0	1	0	2	0	0	0	6	0	1	0	0
LjRoot261	0	0	0	0	0	0	0	0	0	3	0	0	0	0	0	0	0	0	1	0	4	0	1	0	0	0	0	0	0	0	0	0	5	1	6	0	3	2	0	0	2	0	0	1	0	0	0	0	0	0	0	0	0	0	0	0
LjRoot28	0	0	0	0	0	0	0	0	0	0	0	0	3	0	0	0	0	2	0	5	0	0	5	0	0	0	0	0	0	0	0	0	0	0	0	0	0	0	0	0	0	0	0	0	0	0	0	0	0	0	0	0	0	0	1	1
G31_LjRoot101	1	0	0	0	0	2	0	0	0	0	0	0	0	0	0	0	0	1	0	2	0	0	2	0	0	0	0	0	0	0	0	0	0	0	0	0	0	0	0	0	0	1	0	0	0	0	0	0	0	4	0	2	0	0	1	0
G25_LjRoot27	0	0	0	0	0	0	0	0	0	0	0	1	0	0	0	0	0	0	0	0	0	0	0	0	0	0	0	0	1	0	0	0	0	0	0	2	0	1	0	0	0	0	0	0	0	0	0	0	0	2	0	0	0	1	0	0
LjRoot246	0	0	0	0	0	0	0	0	0	0	0	0	0	0	0	0	0	0	0	0	0	0	0	0	0	0	3	0	0	0	0	0	0	0	0	0	0	0	0	0	1	0	0	0	0	0	0	0	0	0	0	0	0	0	0	0
LjRoot153	0	0	0	0	0	0	0	0	0	0	0	0	0	0	0	0	0	0	0	0	0	0	0	0	0	0	0	0	0	0	0	0	0	0	0	2	0	0	0	0	0	0	0	0	0	0	0	0	0	0	0	0	0	0	0	0
LjRoot100	0	0	0	0	0	0	0	0	0	0	0	0	0	0	0	2	0	0	0	0	0	0	0	0	0	0	0	0	0	0	0	0	0	0	0	1	0	0	0	0	0	0	0	0	0	0	0	0	0	0	0	1	0	0	0	0
3b34aa17d3cf1be28be06b78631e8d5f	74	6	115	39	2	135	91	2	126	80	5	113	7	22	19	156	25	70	2	4	42	8	92	128	2	293	70	0	308	84	0	226	25	195	27	141	57	173	77	155	50	137	34	70	81	136	20	83	74	137	68	91	55	92	10	150
85fa8bb918a926d97659d9b64ca6fedd	139	60	18	153	21	13	232	48	19	113	35	17	106	8	183	19	121	16	79	27	144	34	18	198	53	47	159	27	21	167	36	22	107	14	141	9	173	28	431	30	121	28	148	22	205	20	84	26	50	7	47	10	44	15	21	19
d6bdf5b3d2d326a4a843b02f04a7f15b	52	3	94	16	4	72	71	0	119	50	8	96	11	9	15	146	23	38	1	4	32	0	79	88	5	199	68	1	223	63	0	154	15	146	24	96	31	134	65	158	31	89	22	56	60	112	33	59	60	108	39	70	56	81	10	78
34a2c7b37159a9a7b43d963bfde66ee2	19	9	23	16	6	24	8	0	7	13	1	8	41	32	20	24	57	36	71	128	23	6	25	22	4	19	28	4	15	4	0	11	18	14	20	14	26	18	45	10	18	19	17	14	17	8	4	4	12	18	18	9	17	17	38	20
c9d380625a1d09926d9a1e65be39c04a	9	1	15	5	0	20	2	1	31	5	2	21	14	52	9	12	13	31	29	60	16	2	21	16	0	23	21	0	11	6	0	8	2	9	7	11	0	25	0	18	1	12	7	13	3	7	0	11	1	45	0	7	4	16	46	16
797b65389eb0c25ea1ec0ae0c936903c	2	3	6	7	0	6	9	0	6	9	3	3	9	12	11	15	12	2	18	19	5	0	5	11	0	7	9	0	3	20	0	12	9	6	5	6	14	12	20	5	31	16	23	14	33	11	17	13	15	8	14	15	11	9	25	1
78096d9feef290d3da34b88c0b13fb84	2	0	0	0	0	0	0	0	0	0	0	0	35	9	25	11	87	27	36	14	0	0	0	0	0	0	0	0	0	0	0	0	0	0	0	0	3	0	0	0	0	0	0	0	0	0	0	0	0	0	0	0	3	0	2	0
d9d89d3c442298998f67355d3a260a8e	0	0	0	0	0	0	0	0	0	0	0	0	3	0	0	0	95	78	6	20	0	0	0	0	0	0	0	0	0	0	0	0	0	0	0	0	0	0	0	0	0	0	0	0	0	0	0	0	0	0	0	0	1	0	1	0
ca238ac75951426e89841bb359ca387e	6	5	0	23	2	0	37	0	0	12	0	0	0	0	12	0	15	0	3	0	8	3	0	15	0	0	11	0	0	7	0	0	3	0	12	0	5	0	0	0	14	0	21	0	22	0	1	0	5	0	10	0	8	0	0	0
49c3dfc1cb0dbe6b67d6910a50f5a95b	2	1	0	1	1	1	3	1	0	4	3	4	9	0	12	2	4	2	3	0	7	4	1	5	2	0	1	1	5	1	1	2	2	1	5	1	5	0	36	0	0	4	3	3	3	1	1	0	0	0	3	0	2	0	1	0
be89ccf010b75bdf8304db5c375a5c05	1	0	0	0	0	0	7	0	0	0	0	0	0	0	0	0	0	0	0	0	10	10	0	10	7	8	0	2	8	3	0	0	0	0	0	0	4	0	20	0	0	10	6	0	0	0	7	0	0	0	0	0	0	0	0	0
14c8452407718b2270b9a613bcd70156	1	0	0	0	3	3	7	0	0	0	3	1	2	0	1	0	1	0	4	0	3	0	0	4	2	3	2	0	0	3	5	1	4	0	4	1	5	0	17	0	2	0	3	0	3	0	1	0	0	0	3	0	0	0	2	0
c46ee86bc6bd27f00aa0c2a1555c9f3d	0	0	0	0	0	0	0	0	0	0	0	0	7	0	0	0	15	6	12	2	0	0	0	0	0	0	0	0	0	0	0	0	0	0	0	0	0	0	0	0	0	0	0	0	0	0	0	0	0	0	0	0	0	0	0	0
f2242278954a4edcdf637c335b341504	2	0	2	0	0	1	0	0	3	0	0	3	0	0	0	0	0	3	0	0	0	0	0	2	0	0	2	0	1	4	0	4	0	0	0	0	0	2	0	5	0	1	0	0	0	0	0	0	0	0	1	0	0	0	0	3
fd144860ade1fe9af5dc56ef271f8742	2	0	0	5	4	3	2	0	0	0	0	3	0	0	0	0	1	0	1	0	1	0	0	0	0	0	0	0	0	0	0	0	2	0	5	0	8	0	0	0	0	0	0	0	3	0	0	0	0	0	0	0	0	0	2	0
dacbefc032b03c642e865e8e79851aa8	0	0	2	0	0	0	0	0	0	0	0	7	0	0	0	0	0	0	0	0	0	0	0	2	0	0	0	0	0	0	0	0	0	0	0	5	0	1	0	0	0	0	0	0	0	0	0	0	0	1	0	1	0	4	0	0
cc13271b80fd6fd745f8667ecd65bd86	0	0	1	0	0	0	0	0	0	5	0	5	0	0	0	0	0	0	0	0	0	0	0	0	0	0	1	0	5	0	0	2	0	0	0	0	0	0	0	5	0	0	0	0	0	0	0	0	0	0	6	0	0	0	0	0
556428c2a6663ea235f1b44669025011	0	0	0	0	0	0	0	0	0	0	0	0	0	0	0	0	0	0	10	14	0	0	0	0	0	0	0	0	0	0	0	0	0	0	0	0	0	0	0	0	0	0	0	0	0	0	0	0	0	0	0	0	0	0	0	0
8795257ad8ffc91bd23d146ec8d2eac3	0	0	0	0	0	0	3	0	0	0	0	0	0	0	0	0	0	0	0	0	0	0	0	0	0	0	0	0	0	0	0	0	1	0	0	0	4	0	17	0	0	0	1	0	0	0	3	3	3	0	0	0	0	0	0	0
f473c6a09abfc2c05fd71408a19e0a8c	0	0	0	0	0	0	0	0	0	1	0	0	0	0	0	0	0	0	0	0	8	0	0	0	3	0	0	0	0	0	0	0	0	0	0	0	1	0	29	0	2	0	1	0	0	0	0	0	0	0	0	0	0	0	0	0
1379c8625e39152b57a1f00fca652247	0	0	0	0	0	0	0	0	0	0	0	0	0	0	0	0	0	0	0	0	3	0	0	0	3	1	2	0	0	0	1	3	0	0	0	0	0	0	0	0	2	0	3	0	2	0	2	0	0	0	0	0	1	0	0	0
8a4c2a4569b2de69e9916f61c249df8a	0	0	0	0	0	0	0	0	0	0	0	0	0	0	0	0	2	0	0	0	0	0	0	0	0	0	0	0	0	0	0	0	1	0	0	0	2	0	0	0	0	0	0	0	2	0	0	0	0	0	2	0	0	0	0	0
a5aa27bee95eb1a7a21084ba055cbd91	0	0	0	0	0	0	1	0	0	0	0	0	0	0	0	0	0	0	0	0	0	0	0	0	0	0	9	0	0	0	0	0	0	0	0	0	0	0	0	0	0	0	0	0	0	0	0	0	0	0	1	0	0	0	0	0
5a7ca5271412c096b7e89e80736538a7	2	0	0	0	1	0	3	0	0	0	0	0	0	0	0	0	0	0	0	0	0	0	0	0	2	0	0	1	0	0	0	0	0	0	0	0	0	0	0	0	0	0	0	0	0	0	0	0	0	0	0	0	0	0	0	0
a030fb5caeccf915d72edbd26b0296ef	0	0	0	0	0	0	0	0	0	0	0	0	0	0	0	0	0	0	0	0	0	0	0	0	0	0	6	0	0	0	0	0	0	0	0	0	0	0	0	0	0	0	0	0	0	0	0	0	0	0	0	0	0	0	0	0
62bcf431660b28558ac0e20254c772d9	0	0	0	0	0	0	0	0	0	0	0	0	0	0	6	0	0	0	2	0	0	0	0	0	0	0	0	0	0	0	0	0	0	0	0	0	0	0	0	0	0	0	0	0	0	0	0	0	0	0	0	0	0	0	0	0
1d5ff67e70bd4d0e2b4c111492a38e72	0	0	0	0	0	0	0	0	0	2	0	0	0	0	0	0	0	0	0	0	0	0	0	0	0	0	0	0	0	0	0	0	0	0	0	0	0	0	7	0	0	0	0	0	3	0	0	0	0	0	0	0	0	0	0	0
4fd2887ec32533e9a0af45e16e67692a	0	0	0	2	0	0	0	0	0	0	0	0	0	0	0	0	0	0	0	0	0	0	0	0	0	0	0	0	0	0	0	0	0	0	0	0	0	0	0	0	0	0	0	0	0	0	0	0	0	0	0	0	0	0	0	0
b26eb492ca5cb52d934cbddf5de504ec	0	0	2	0	0	0	0	0	0	0	0	0	0	0	0	0	0	0	0	0	0	0	0	0	0	0	0	0	0	0	0	0	0	0	0	0	0	0	0	0	0	0	0	0	0	0	0	0	0	0	0	0	0	0	0	0
cf93fcf2e02dadebfb506919c2787a14	0	0	0	0	0	0	0	0	0	0	0	0	0	0	0	0	0	0	0	0	0	0	0	0	0	0	0	0	0	0	0	0	0	0	1	0	0	0	0	0	0	0	0	0	2	0	0	0	0	0	0	0	0	0	0	0
038c3576b4b047aa19ee4797d411f9f9	0	0	0	0	0	0	0	0	0	0	0	0	0	0	0	0	0	0	0	0	0	0	0	0	0	0	0	0	0	3	0	0	0	0	0	0	0	0	0	0	0	0	0	0	0	0	0	0	0	0	0	0	0	0	0	0
35269020cda245f187eb7dd0791a5432	0	0	0	0	2	0	0	0	0	0	0	0	0	0	0	0	0	0	0	0	0	0	0	0	2	0	0	0	0	0	0	0	0	0	0	0	0	0	0	0	0	0	0	0	0	0	0	0	0	0	0	0	0	0	0	0
2551cce22ced77919cd7f9f8edc4b351	0	0	0	0	0	0	0	0	0	1	0	0	0	0	0	0	0	0	0	0	0	0	0	0	0	0	0	0	0	0	0	0	0	0	0	0	0	0	0	0	0	0	0	0	0	0	0	0	0	0	0	0	0	0	0	0
3d67704007302179d59470162838d688	0	0	0	0	0	0	0	0	0	0	0	0	0	0	0	0	0	0	0	0	0	0	0	0	0	0	0	0	0	0	0	0	0	0	0	0	0	0	0	0	0	0	0	0	0	0	0	0	0	0	1	0	0	0	0	0
ce01f1706074e35ace53c48c5e8c6ece	0	0	0	0	0	0	0	0	0	0	0	0	0	0	0	0	0	0	0	0	0	0	0	0	0	0	0	0	0	0	0	0	0	0	0	0	0	0	0	0	0	0	0	0	0	0	0	0	0	0	0	0	1	0	0	2
e2bbd20bd0d53f2dd6b0d39d17702a28	0	3	0	0	0	0	0	0	0	0	1	0	0	0	0	0	0	0	0	0	0	0	0	0	0	0	0	0	0	0	0	0	0	0	0	0	0	0	0	0	0	0	0	0	0	0	0	0	0	0	0	0	0	0	0	0
587d89449c0ad78474eb1b5fbe3e1d1a	0	0	0	0	0	0	0	0	0	0	0	0	0	0	0	0	0	0	2	0	0	0	0	0	0	0	0	0	0	0	0	0	0	0	0	0	0	0	0	0	0	0	0	0	0	0	0	0	0	0	0	0	0	0	0	0
f041badb84b6cd9f6d887e3ea0ef0644	0	0	0	0	0	0	0	0	0	0	0	1	0	0	0	0	0	0	0	0	0	0	0	0	0	0	0	0	0	0	0	0	0	0	0	0	0	0	0	0	0	0	0	0	0	0	0	1	0	0	0	0	0	0	0	0
251835ac20f90ad04482c1d8c759c9cd	0	0	0	0	0	0	0	0	0	0	0	0	0	0	0	0	0	2	0	0	0	0	0	0	0	0	0	0	0	0	0	0	0	0	0	0	0	0	0	0	0	0	0	0	0	0	0	0	0	0	0	0	0	0	0	0
4e18a08949db54ab0ce96b70a7fee8ce	0	0	0	0	0	0	0	0	0	0	0	0	0	0	0	0	0	0	0	0	0	0	0	0	0	0	0	0	0	0	0	0	3	0	0	0	0	0	0	0	0	0	0	0	0	0	0	0	0	0	0	0	0	0	0	0
02f3d74050aec106553a41873a8d1a31	0	0	0	0	0	0	0	0	0	0	0	0	0	0	0	0	0	0	0	0	0	0	0	0	0	0	0	0	0	0	0	0	0	0	0	0	0	0	9	0	0	0	0	0	0	3	0	0	0	0	0	0	0	0	0	0
aebfa7bef248151d9e442b70047c6bb5	0	0	0	0	0	0	0	0	0	1	0	0	0	0	0	0	0	0	0	0	0	0	0	0	0	0	0	0	0	0	0	0	0	0	0	0	0	0	0	0	0	0	0	0	0	0	0	0	0	0	0	0	0	0	0	0
73389b84cf25d361737b497a0794ef2c	0	0	0	0	0	0	0	0	0	0	0	0	0	0	0	0	0	0	0	0	0	0	0	0	0	0	0	0	0	0	0	0	0	0	0	0	0	0	14	0	0	0	0	0	0	0	0	0	0	0	0	0	0	0	0	0
5a856f6bc1b8de2e1d68a2fc8b4b74de	0	0	0	0	0	0	0	0	0	0	0	0	0	0	0	0	3	0	0	0	0	0	0	0	0	0	0	0	0	0	0	0	0	0	0	0	0	0	0	0	0	0	0	0	0	0	0	0	0	0	0	0	0	0	0	0
4e9f9b5a6da298a14a297a352ad6613f	0	0	0	0	0	0	0	0	0	0	0	0	0	0	0	0	0	0	0	0	0	0	0	0	0	0	0	0	0	0	0	0	0	0	0	0	0	0	10	0	0	0	0	0	0	0	0	0	0	0	0	0	0	0	0	0
ca2e17a4227a8dd8580fb397997dc98b	0	0	0	0	0	0	0	0	0	0	0	0	0	0	0	0	0	1	0	0	0	0	0	0	0	0	0	0	0	0	0	0	0	0	0	0	0	0	0	0	0	0	0	0	0	0	0	0	0	0	0	0	0	0	0	0
2ab077f1e51b9f4a0c4495898eec4f02	3	0	0	0	0	0	0	0	0	0	0	0	0	0	0	0	0	0	0	0	0	0	0	0	0	0	0	0	0	0	0	0	0	0	0	0	0	0	0	0	0	0	0	0	0	0	0	0	0	0	0	0	0	0	0	0
c4270c9d98029dd329b65cee720145f2	0	0	0	0	0	0	0	0	0	0	0	0	0	0	0	0	0	0	0	0	0	0	0	0	0	0	0	0	0	0	1	0	0	0	0	0	0	0	0	0	0	0	0	0	0	0	0	0	0	0	0	0	0	0	0	0
818de9d448f01b0f305f325c98029754	0	0	0	0	0	0	0	0	0	0	0	0	0	0	0	0	0	0	0	0	0	0	0	0	0	0	1	0	0	0	0	0	0	0	0	0	0	0	0	0	0	0	0	0	0	0	0	0	0	0	0	0	0	0	0	0
bcdcd3d5ca528f971201c906b1906e06	0	0	2	0	0	0	0	0	0	0	0	0	0	0	0	0	0	0	0	0	0	0	0	0	0	0	0	0	0	0	0	0	0	0	0	0	0	0	0	0	0	0	0	0	0	0	0	0	0	0	0	0	0	0	0	0
c606c4999d01c0c5b8caeb2b7b461c92	0	0	0	0	0	0	0	0	3	0	0	0	0	0	0	0	0	0	0	0	0	0	0	0	0	0	0	0	0	0	0	0	0	0	0	0	0	0	0	0	0	0	0	0	0	0	0	0	0	0	0	0	0	0	0	0
f263da5b1006c88261b916e5d07c5f4a	0	0	0	0	0	0	0	0	0	0	0	0	0	0	0	0	0	0	0	0	0	0	0	0	0	0	0	0	0	0	0	0	0	0	2	0	0	0	0	0	0	0	0	0	0	0	0	0	0	0	0	0	0	0	0	0
6be5b3606c0e9b32be29ffe56af9f8c7	0	0	0	0	0	0	0	0	0	0	0	0	0	0	0	0	0	0	0	0	0	0	0	0	0	0	0	0	0	0	0	0	0	0	0	0	0	0	0	0	0	0	0	0	1	0	0	0	0	0	0	0	0	0	0	0
513d82131b47596730850f497e029ec5	0	0	0	0	0	0	0	0	0	0	0	0	0	0	0	0	0	1	0	0	0	0	0	0	0	0	0	0	0	0	0	0	0	0	0	0	0	0	0	0	0	0	0	0	0	0	0	0	0	0	0	0	0	0	0	0
5bcbf75e0718cf66fa33968c27136b83	0	0	0	0	0	0	0	0	0	0	0	0	0	0	0	0	0	0	0	0	0	0	0	0	0	0	0	0	0	0	0	1	0	0	0	0	0	0	0	0	0	0	0	0	0	0	0	0	0	0	0	0	0	0	0	0
76691f36e5a02e5a6b6dc3c54b6484d6	0	0	0	0	0	0	0	0	0	2	0	0	0	0	0	0	0	0	0	0	0	0	0	0	0	0	0	0	0	0	0	0	0	0	0	0	0	0	0	0	0	0	0	0	0	0	0	0	0	0	0	0	0	0	0	0
14dc67f44a55ef2e642cf5b852f1fa48	0	0	0	0	0	0	2	0	0	0	0	0	0	0	0	0	0	0	0	0	0	0	0	0	0	0	0	0	0	0	0	0	0	0	0	0	0	0	0	0	0	0	0	0	0	0	0	0	0	0	0	0	0	0	0	0
7f7772627dda978fc9956e3bfee74315	0	0	0	0	0	0	0	0	0	0	0	1	0	0	0	0	0	0	0	0	0	0	0	0	0	0	0	0	0	0	0	0	0	0	0	0	0	0	0	0	0	0	0	0	0	0	0	0	0	0	0	0	0	0	0	0
347e590fca6868849dfe2cc5164ba894	0	0	0	0	0	0	0	0	0	3	0	0	0	0	0	0	0	0	0	0	0	0	0	0	0	0	0	0	0	0	0	0	0	0	0	0	0	0	0	0	0	0	0	0	0	0	0	0	0	0	0	0	0	0	0	0
5a717838dc8b743c6ade140d8aa76bf3	0	0	0	0	0	0	0	0	0	0	0	0	0	0	0	0	0	0	0	0	0	0	0	0	0	0	0	0	0	0	0	0	0	0	2	0	0	0	0	0	0	0	0	0	0	0	0	0	0	0	0	0	0	0	0	0
c5c2f468ed0c84f898045623856679cf	0	0	0	0	0	0	0	0	0	0	0	0	0	0	0	0	0	0	0	0	0	0	0	0	0	0	0	0	0	0	0	0	0	0	0	0	0	0	0	0	0	0	1	0	0	0	0	0	0	0	0	0	0	0	0	0
4b1efd57fb4269c2c761250f0a0e908a	0	0	0	0	0	0	0	0	0	0	0	0	0	0	0	0	0	0	0	0	0	0	0	0	0	0	0	0	0	0	0	0	0	0	0	0	0	0	0	0	0	0	0	0	0	1	0	0	0	0	0	0	0	0	0	0
1fe3d522724ed0906b8d80607b45b534	0	0	0	0	0	0	0	0	0	0	0	0	0	0	0	0	0	0	1	0	0	0	0	0	0	0	0	0	0	0	0	0	0	0	0	0	0	0	0	0	0	0	0	0	0	0	0	0	0	0	0	0	0	0	0	0
14d11dab928087d8c38ee08d48ad0602	0	0	0	0	0	0	0	0	0	0	0	0	0	0	0	0	0	0	0	0	0	0	0	0	0	0	0	0	1	0	0	0	0	0	0	0	0	0	0	0	0	0	0	0	0	0	0	0	0	0	0	0	0	0	0	0
9462a3711038fc5d2e75962ca1be3cea	1	0	0	0	0	0	0	0	0	0	0	0	0	0	0	0	0	0	0	0	0	0	0	0	0	0	0	0	0	0	0	0	0	0	0	0	0	0	0	0	0	0	0	0	0	0	0	0	0	0	0	0	0	0	0	0
9258f78fb173cd7acf84140ee5665129	0	0	0	0	1	0	0	0	0	0	0	0	0	0	0	0	0	0	0	0	0	0	0	0	0	0	0	0	0	0	0	0	0	0	1	0	0	0	0	0	0	0	0	0	0	0	0	0	0	0	0	0	0	0	0	0
dce9296a3c3f4e09419d431a2d89b287	0	0	0	0	0	0	0	0	0	0	0	0	0	0	0	0	0	0	0	0	0	0	0	1	0	0	0	0	0	0	0	0	0	0	0	0	0	0	0	0	0	0	0	0	0	0	0	0	0	0	0	0	0	0	0	0
e284682a9e8998f700c0ed4f0c903bb8	0	0	0	0	0	0	0	0	0	2	0	0	0	0	0	0	0	0	0	0	0	0	0	0	0	0	0	0	0	0	0	0	0	0	0	0	0	0	0	0	0	0	0	0	0	0	0	0	0	0	0	0	0	0	0	0
7a87b755be671f0dad3d20745752486c	0	0	0	0	0	0	0	0	0	1	0	0	0	0	0	0	0	0	0	0	0	0	0	0	0	0	0	0	0	0	0	0	0	0	0	0	0	0	0	0	0	0	0	0	0	0	0	0	0	0	0	0	0	0	0	0
2a89d0cad6bf6c5b4e5932a9bc453685	0	0	0	0	0	0	0	0	0	1	0	0	0	0	0	0	0	0	0	0	0	0	0	0	0	0	0	0	0	0	0	0	0	0	0	0	0	0	0	0	0	0	0	0	0	0	0	0	0	0	0	0	0	0	0	0
32ec2f1da6ffe23816868d41a92f9793	0	0	0	0	0	0	0	0	0	0	0	0	0	0	0	0	0	0	0	0	0	0	0	0	0	0	0	0	0	0	0	0	0	0	0	0	0	0	0	0	0	0	0	0	1	0	0	0	0	0	0	0	0	0	0	0
8ad4d2461816500cb13e9b2a498441c5	0	0	0	0	0	0	0	0	0	0	0	0	0	0	0	0	0	0	0	0	0	0	0	0	0	0	0	0	0	0	0	0	0	0	0	0	0	0	0	0	0	0	0	0	0	1	0	0	0	0	0	0	0	0	0	0
16bc0ca08f1ecfc0f89248b49021623f	0	0	0	0	0	0	0	0	0	0	0	0	0	1	0	0	0	0	0	0	0	0	0	0	0	0	0	0	0	0	0	0	0	0	0	0	0	0	0	0	0	0	0	0	0	0	0	0	0	0	0	0	0	0	0	0
724aeedfeeb7ace8b616a5893249d768	0	0	0	0	0	0	0	0	0	0	0	0	0	0	0	0	0	0	0	1	0	0	0	0	0	0	0	0	0	0	0	0	0	0	0	0	0	0	0	0	0	0	0	0	0	0	0	0	0	0	0	0	0	0	0	0
84e20f20434bca6ff7e322a229969323	0	0	0	0	0	0	0	0	0	0	0	0	0	0	0	0	0	0	0	0	0	0	0	0	0	0	3	0	0	0	0	0	0	0	0	0	0	0	0	0	0	0	0	0	0	0	0	0	0	0	0	0	0	0	0	0
61f4a5ccc4d796770c4b41c313ae95bb	0	0	0	0	0	0	0	0	0	0	0	0	0	0	0	0	0	0	0	0	0	0	0	0	0	0	0	0	0	0	0	0	0	0	0	0	0	0	0	0	1	0	0	0	0	0	0	0	0	0	0	0	0	0	0	0
7cc10c3bda46c2fda505cd35a09be29f	0	0	0	0	0	0	0	0	0	1	0	0	0	0	0	0	0	0	0	0	0	0	0	0	0	0	0	0	0	0	0	0	0	0	0	0	0	0	0	0	0	0	0	0	0	0	0	0	0	0	0	0	0	0	0	0
79e453046196f38aeb65ea091f16dc0b	0	0	0	0	0	0	0	0	0	1	0	0	0	0	0	0	0	0	0	0	0	0	0	0	0	0	0	0	0	0	0	0	0	0	0	0	0	0	0	0	0	0	0	0	0	0	0	0	0	0	0	0	0	0	0	0
9fc5a0977af77642b74c387e513a6d6c	0	0	0	0	0	0	0	0	0	1	0	0	0	0	0	0	0	0	0	0	0	0	0	0	0	0	0	0	0	0	0	0	0	0	0	0	0	0	0	0	0	0	0	0	0	0	0	0	0	0	0	0	0	0	0	0
e62395630c2ac5ae21b0c2949211e2b8	0	0	0	0	0	0	0	0	0	0	0	0	0	0	0	0	0	0	0	0	0	0	0	0	0	0	0	0	0	0	0	0	0	0	0	0	0	0	0	0	1	0	0	0	0	0	0	0	0	0	0	0	0	0	0	0
d2f4f7679cbff3b40507622b1bb0b39e	0	0	0	0	0	0	0	0	0	0	0	0	0	0	0	0	0	0	0	0	0	0	0	0	0	0	0	0	0	0	0	0	0	0	0	0	0	0	0	0	0	0	0	0	2	0	0	0	0	0	0	0	0	0	0	0
8446a75ebf0f906dd9d5135449846b26	0	0	0	0	0	0	0	0	0	0	0	0	0	0	0	0	0	0	0	0	0	0	0	0	0	0	0	0	0	0	0	0	0	0	0	0	0	0	0	0	0	0	0	0	0	0	1	0	2	0	0	0	0	0	0	0
6ca18081361ddb9c6d4902435fdfeb6f	0	0	0	0	0	0	0	0	0	0	0	0	0	0	0	1	0	0	0	0	0	0	0	0	0	0	0	0	0	0	0	0	0	0	0	0	0	0	0	0	0	0	0	0	0	0	0	0	0	0	0	0	0	0	0	0
95de737bd18afdc81cf608b8f0711355	0	0	0	0	0	0	0	0	0	0	0	0	0	0	0	0	0	1	0	0	0	0	0	0	0	0	0	0	0	0	0	0	0	0	0	0	0	0	0	0	0	0	0	0	0	0	0	0	0	0	0	0	0	0	0	0
94721ed76c9702b6d517e454359981d3	0	0	0	0	0	0	0	0	0	0	0	0	0	0	0	0	0	0	1	0	0	0	0	0	0	0	0	0	0	0	0	0	0	0	0	0	0	0	0	0	0	0	0	0	0	0	0	0	0	0	0	0	0	0	0	0
3aee701848e428657a99f7fc2ff0c90e	0	0	0	0	0	0	0	0	0	0	0	0	0	0	0	0	0	0	0	0	0	0	0	0	0	0	1	0	0	0	0	0	0	0	0	0	0	0	0	0	0	0	0	0	0	0	0	0	0	0	0	0	0	0	0	0
b5004ae2f9a3597d4350d1155b71896c	0	0	0	0	0	0	0	0	0	0	0	0	0	0	0	0	0	0	0	0	0	0	0	0	0	0	0	0	0	0	0	2	0	0	0	0	0	0	0	0	0	0	0	0	0	0	0	0	0	0	0	0	0	0	0	0
e2cc37ff120e513bdd3f720e53d1b817	0	0	0	0	0	0	0	0	0	0	0	0	0	0	0	0	0	0	0	0	0	0	0	0	0	0	0	0	0	0	0	1	0	0	0	0	0	0	0	0	0	0	0	0	0	0	0	0	0	0	0	0	0	0	0	0
c64883894c92c1e5f9818e0bcc93cfa3	0	0	1	0	0	0	0	0	0	0	0	0	0	0	0	0	0	0	0	0	0	0	0	0	0	0	0	0	0	0	0	0	0	0	0	0	0	0	0	0	0	0	0	0	0	0	0	0	0	0	0	0	0	0	0	0
ad71034bd69787b2f51ec239f1e6abc2	0	0	0	0	0	0	1	0	0	0	0	0	0	0	0	0	0	0	0	0	0	0	0	0	0	0	0	0	0	0	0	0	0	0	0	0	0	0	0	0	0	0	0	0	0	0	0	0	0	0	0	0	0	0	0	0
fac0b71954dac1af1f68cf91fbb3a317	0	0	0	0	0	0	0	0	0	0	0	0	0	0	0	0	0	0	0	0	0	0	0	0	0	0	0	0	0	0	0	0	2	0	0	0	0	0	0	0	0	0	0	0	0	0	0	0	0	0	0	0	0	0	0	0
a611a5f54dfec5fd6723cbe11600e1ab	0	0	0	0	0	0	0	0	0	0	0	0	0	0	0	0	0	0	0	0	0	0	0	0	0	0	0	0	0	0	0	0	0	0	0	0	1	0	0	0	0	0	0	0	0	0	0	0	0	0	0	0	0	0	0	0
e1031297c8a0c69f269946b9186d75c8	0	0	0	0	0	0	0	0	0	0	0	0	0	0	0	0	0	0	0	0	0	0	0	0	0	0	0	0	0	0	0	0	0	0	0	0	1	0	0	0	0	0	0	0	0	0	0	0	0	0	0	0	0	0	0	0
37b2f7673a035d1f7bb1641e735e200e	0	0	0	0	0	0	0	0	0	0	0	0	0	0	0	0	0	0	0	0	0	0	0	0	0	0	0	0	0	0	0	0	0	0	0	0	0	0	0	2	0	0	0	0	0	0	0	0	0	0	0	0	0	0	0	0
c6ffca84d8f2bdf0cb34ac8f63425d85	0	0	0	0	0	0	0	0	0	0	0	0	0	0	0	0	0	0	0	0	0	0	0	0	0	0	0	0	0	0	0	0	0	0	0	0	0	0	0	0	1	0	0	0	0	0	0	0	0	0	0	0	0	0	0	0
389a32938fe2fb95fe2cb5f36d455af7	0	0	0	0	0	0	0	0	0	0	0	0	0	0	0	0	0	0	0	0	0	0	0	0	0	0	0	0	0	0	0	0	0	0	0	0	0	0	0	0	0	0	0	1	0	0	0	0	0	0	0	0	0	0	0	0
b31cd8e4674bdf8c0e0d35cadf1e4945	0	0	0	0	0	0	0	0	0	0	0	0	0	0	0	0	0	0	0	0	0	0	0	0	0	0	0	0	0	0	0	0	0	0	0	0	0	0	0	0	0	0	0	0	1	0	0	0	0	0	0	0	0	0	0	0
49538476ca473a9a00b154fffd37bb2a	0	0	0	0	0	0	0	0	0	0	0	0	0	0	0	0	0	0	0	0	0	0	0	0	0	0	0	0	0	0	0	0	0	0	0	0	0	0	0	0	0	0	0	0	0	0	1	0	0	0	0	0	0	0	0	0
b500225fac185c0c94e170641fd7d2ea	0	0	0	0	0	0	0	0	0	0	0	0	0	0	0	0	0	0	0	0	0	0	0	0	0	0	0	0	0	0	0	0	0	0	0	0	0	0	0	0	0	0	0	0	0	0	0	0	0	1	0	0	0	0	0	0
e01661a687c973d9bb6c94f3ff8be609	0	0	0	0	0	0	0	0	0	0	0	0	0	0	0	0	0	0	2	0	0	0	0	0	0	0	0	0	0	0	0	0	0	0	0	0	0	0	0	0	0	0	0	0	0	0	0	0	0	0	0	0	0	0	0	0
c3ae7b49c6385b381e926419a94a2db8	0	0	0	0	1	0	0	0	0	0	0	0	0	0	0	0	0	0	0	0	0	0	0	0	0	0	0	0	0	0	0	0	0	0	0	0	0	0	0	0	0	0	0	0	0	0	0	0	0	0	0	0	0	0	0	0
24a72c6fbd5747897185504d7f143206	0	0	0	0	0	1	0	0	0	0	0	0	0	0	0	0	0	0	0	0	0	0	0	0	0	0	0	0	0	0	0	0	0	0	0	0	0	0	0	0	0	0	0	0	0	0	0	0	0	0	0	0	0	0	0	0
f451e33498c0acfd349ac7a214100767	0	0	0	0	0	0	0	0	1	0	0	0	0	0	0	0	0	0	0	0	0	0	0	0	0	0	0	0	0	0	0	0	0	0	0	0	0	0	0	0	0	0	0	0	0	0	0	0	0	0	0	0	0	0	0	0
0c28a71ae1ea72d93b6ecb26d83e2672	0	0	0	0	0	0	0	0	0	0	0	0	0	0	0	0	0	0	0	0	0	0	0	0	0	0	0	0	0	0	0	0	0	0	1	0	0	0	0	0	0	0	0	0	0	0	0	0	0	0	0	0	0	0	0	0
d8b702196fcd502062f9542eee84ee42	0	0	0	0	0	0	0	0	0	0	0	0	0	0	0	0	0	0	0	0	0	0	0	0	0	0	0	0	0	0	0	0	0	0	0	0	0	0	0	0	0	0	0	1	0	0	0	0	0	0	0	0	0	0	0	0
d08c74b0b01ecf9c19d544341a99d54d	0	0	0	0	0	0	0	0	0	0	0	0	0	0	0	0	0	0	0	0	0	0	0	0	0	0	0	0	0	0	0	0	0	0	0	0	0	0	0	0	0	0	0	0	0	0	0	1	0	0	0	0	0	0	0	0
029e9fc52ebfe31768331fea1c5c0097	0	0	0	0	0	0	0	0	0	0	0	0	0	0	0	0	0	0	0	0	0	0	0	0	0	0	0	0	0	0	0	0	0	0	0	0	0	0	0	0	0	0	0	0	0	0	0	0	0	2	0	0	0	0	0	0
fb46aa3ce3a592cda5f3be7c615e8975	0	0	0	0	0	0	0	0	0	0	0	0	0	0	0	0	0	0	0	0	0	0	0	0	0	0	0	0	0	0	0	0	0	0	0	0	0	0	0	0	0	0	0	0	0	0	0	0	0	0	0	0	0	0	0	1
