ASVid	Hv_WT_HvSC_only_endo_1	Hv_WT_HvSC_only_endo_2	Hv_WT_HvSC_only_endo_3	Hv_WT_HvSC_only_endo_4	Hv_WT_HvSC_only_endo_5	Hv_WT_HvSC_only_rhizo_1	Hv_WT_HvSC_only_rhizo_2	Hv_WT_HvSC_only_rhizo_3	Hv_WT_HvSC_only_rhizo_4	Hv_WT_HvSC_only_rhizo_5	Hv_WT_HvSC_only_rhizo_6	Hv_ccamk_HvSC_only_endo_1	Hv_ccamk_HvSC_only_endo_2	Hv_ccamk_HvSC_only_endo_3	Hv_ccamk_HvSC_only_endo_4	Hv_ccamk_HvSC_only_endo_5	Hv_ccamk_HvSC_only_endo_6	Hv_ccamk_HvSC_only_rhizo_2	Hv_ccamk_HvSC_only_rhizo_3	Hv_ccamk_HvSC_only_rhizo_4	Hv_ccamk_HvSC_only_rhizo_5	Hv_ccamk_HvSC_only_rhizo_6	Hv_nsp1_HvSC_only_endo_1	Hv_nsp1_HvSC_only_endo_2	Hv_nsp1_HvSC_only_endo_3	Hv_nsp1_HvSC_only_endo_4	Hv_nsp1_HvSC_only_endo_5	Hv_nsp1_HvSC_only_endo_6	Hv_nsp1_HvSC_only_rhizo_1	Hv_nsp1_HvSC_only_rhizo_2	Hv_nsp1_HvSC_only_rhizo_3	Hv_nsp1_HvSC_only_rhizo_4	Hv_nsp1_HvSC_only_rhizo_5	Hv_nsp1_HvSC_only_rhizo_6	Hv_nsp2_HvSC_only_endo_1	Hv_nsp2_HvSC_only_endo_2	Hv_nsp2_HvSC_only_endo_3	Hv_nsp2_HvSC_only_endo_4	Hv_nsp2_HvSC_only_endo_5	Hv_nsp2_HvSC_only_endo_6	Hv_nsp2_HvSC_only_rhizo_1	Hv_nsp2_HvSC_only_rhizo_2	Hv_nsp2_HvSC_only_rhizo_3	Hv_nsp2_HvSC_only_rhizo_4	Hv_nsp2_HvSC_only_rhizo_5	Hv_nsp2_HvSC_only_rhizo_6	Hv_symrk_HvSC_only_endo_1	Hv_symrk_HvSC_only_endo_2	Hv_symrk_HvSC_only_endo_3	Hv_symrk_HvSC_only_endo_4	Hv_symrk_HvSC_only_endo_5	Hv_symrk_HvSC_only_endo_6	Hv_symrk_HvSC_only_rhizo_1	Hv_symrk_HvSC_only_rhizo_2	Hv_symrk_HvSC_only_rhizo_3	Hv_symrk_HvSC_only_rhizo_4	Hv_symrk_HvSC_only_rhizo_5	Hv_symrk_HvSC_only_rhizo_6
P2_H11	2650	1414	1729	2168	2121	1118	1091	2647	2029	2614	2839	1408	862	1775	1434	724	1390	1171	801	287	449	467	2814	1155	2626	2044	2261	1600	295	373	641	1682	884	1232	1336	862	1111	916	1215	1689	585	1054	654	1675	2222	1588	2103	3915	2867	1667	2991	2399	872	1489	1284	1174	1675	1251
P5_A1	918	1707	1982	1817	2600	49	59	131	122	102	109	3769	3511	1954	2509	3658	2809	109	158	43	79	83	1683	2677	2040	2000	2026	1989	55	66	67	80	71	52	898	2617	1660	2458	2306	1807	11	44	24	61	44	22	1701	1296	1428	3011	1155	1548	44	52	34	81	58	65
P4_H10	362	422	213	638	387	800	899	1221	1586	1151	1650	299	268	1566	1559	1082	1284	1724	902	1318	1730	1225	606	642	1065	714	1150	1986	704	381	1127	948	1021	737	2311	582	799	883	333	815	566	952	1553	1769	1358	1109	390	567	310	344	453	696	595	599	563	767	987	848
P1_A1	521	153	73	14	33	1187	1441	346	266	284	133	58	50	98	64	87	95	836	1697	1210	947	1405	136	118	146	323	130	115	1440	2226	1059	1080	925	1348	217	80	170	144	78	58	930	1227	1241	619	766	919	120	75	96	76	68	114	1398	1605	1267	1091	981	1170
P1_A8	364	531	916	699	362	428	354	668	988	838	835	221	648	194	95	158	132	457	420	333	292	285	214	471	118	227	166	237	171	229	418	357	405	272	539	675	1014	525	667	785	159	404	431	430	352	373	686	224	552	353	590	601	275	284	308	347	415	351
P4_A8	564	433	51	11	105	544	323	215	90	305	37	104	166	110	71	78	67	330	475	290	465	356	84	225	49	121	54	64	1719	725	1344	454	1448	1297	144	102	179	139	59	81	3388	537	438	761	697	694	106	52	119	122	232	107	1418	559	734	944	521	606
P4_B4	44	55	14	6	11	612	873	155	176	97	43	6	10	47	58	34	44	289	387	1012	737	935	26	25	19	56	26	19	543	547	569	527	338	519	55	20	27	21	24	14	382	637	691	294	323	623	17	18	24	26	33	54	556	607	741	624	588	645
P4_C7	356	242	37	342	37	1046	783	195	233	209	170	9	33	118	124	90	80	405	512	884	737	912	124	68	80	214	56	56	735	625	581	586	501	479	147	48	49	145	46	122	382	632	679	359	443	678	76	68	64	119	121	118	620	764	828	684	649	682
P1_F10	118	279	269	178	137	13	21	9	15	11	21	458	450	188	244	417	338	37	35	25	14	16	370	431	245	247	390	243	19	18	21	20	29	19	148	793	264	285	587	462	12	21	19	20	23	24	518	289	379	366	266	302	18	16	14	48	21	28
P1_E1	239	252	432	244	274	115	140	131	259	231	153	146	204	238	163	224	202	151	109	104	106	129	150	315	108	197	147	172	93	116	157	170	145	134	289	303	551	372	374	323	60	115	106	161	124	93	284	138	259	189	314	309	65	61	57	87	113	97
P5_B3=P4_C1	21	39	2	0	0	498	587	91	126	96	51	5	8	69	45	19	26	200	292	1071	880	551	12	15	15	60	19	19	348	465	355	313	209	223	47	6	11	10	20	5	160	516	643	214	180	359	10	10	8	42	32	30	450	526	804	684	449	519
P1_C1	111	244	164	147	178	170	191	300	306	325	348	72	81	207	174	132	174	466	292	91	175	150	136	164	166	169	177	189	117	160	216	347	352	207	212	109	127	167	128	175	92	133	129	140	123	113	111	82	106	118	118	153	112	133	62	112	174	192
P2_D12	108	183	343	145	185	9	11	27	16	37	13	209	202	97	131	93	119	12	16	4	8	2	163	143	75	147	177	92	8	10	12	13	16	7	37	229	167	176	291	144	11	25	17	11	7	4	232	107	237	222	91	101	14	11	3	11	7	13
P2_C12	132	317	58	84	103	24	16	16	20	26	25	36	80	51	67	20	41	17	22	6	20	10	120	86	108	155	47	26	7	44	13	23	53	5	74	82	205	76	154	124	4	16	16	10	6	6	226	45	115	54	69	84	27	14	2	10	16	17
P1_E8	70	120	131	116	71	65	55	228	150	109	165	46	65	57	57	60	86	50	63	57	55	61	68	61	38	72	56	31	48	52	79	29	43	75	55	78	72	100	182	74	48	79	75	122	103	56	96	40	108	61	86	55	46	58	63	72	64	91
P1_D3	61	128	23	34	106	77	32	110	143	128	12	5	29	21	19	37	40	32	43	37	17	160	41	70	40	50	35	48	339	331	109	66	180	131	141	121	85	208	56	25	130	254	91	127	32	69	71	17	58	66	61	24	175	65	54	115	39	33
P5_A10	144	106	177	45	71	50	43	111	61	46	124	110	65	51	37	39	13	29	30	13	42	29	154	88	35	35	35	21	33	234	47	34	50	44	84	70	48	65	103	107	54	48	27	35	9	28	56	48	92	91	49	78	33	45	55	56	17	26
P1_A6	66	69	114	108	45	21	34	42	41	35	32	68	99	68	126	66	70	72	53	35	51	59	57	99	39	76	81	80	28	35	34	46	65	39	152	75	158	130	109	116	15	35	31	28	24	27	57	76	47	42	82	128	10	16	17	23	18	25
P4_C9	18	9	12	0	0	87	75	4	30	14	0	3	6	16	3	7	0	76	88	54	76	81	4	9	7	17	4	8	97	73	56	51	45	25	9	4	2	3	11	11	28	78	58	38	39	47	14	7	8	7	5	11	62	68	51	35	64	74
P4_B10	80	61	68	64	61	78	38	198	156	172	94	52	54	35	17	22	18	57	71	16	22	22	63	51	29	31	28	16	38	43	53	41	64	40	18	24	34	39	37	20	20	62	31	38	30	46	36	11	37	28	46	39	40	34	41	56	38	73
P4_E5	37	70	63	66	27	28	25	48	60	51	58	12	29	41	53	30	24	20	14	22	8	13	29	46	29	29	25	38	16	15	10	25	16	16	44	38	67	37	61	37	15	53	39	21	27	25	71	25	56	44	68	52	23	23	35	24	31	31
P4_B2	55	63	63	83	56	25	25	63	58	45	32	28	35	19	20	25	14	53	38	15	20	11	29	49	22	50	14	14	20	19	25	26	34	29	25	55	39	29	49	29	9	33	39	19	22	16	48	12	27	22	29	23	33	9	20	17	33	41
P4_F10	4	45	30	3	13	31	10	23	26	11	5	6	34	6	5	2	3	82	133	42	47	25	4	33	13	32	7	17	77	161	65	75	61	67	67	15	48	16	70	18	12	30	32	43	24	39	30	7	45	14	14	8	28	26	25	39	22	32
P4_G1	21	47	24	24	9	13	11	10	40	17	34	10	14	21	17	15	12	40	38	13	16	16	19	32	17	17	17	15	10	20	14	12	17	23	22	34	63	12	44	20	9	12	5	17	27	26	14	16	24	17	31	18	13	12	16	24	18	17
P4_D7	8	9	7	2	35	16	0	61	0	43	0	5	58	66	21	10	11	91	172	42	72	42	4	2	3	17	12	4	110	23	4	7	27	53	5	29	4	49	10	4	17	47	46	43	86	77	5	7	7	5	58	4	116	25	27	9	66	80
P4_G3	41	62	43	39	49	7	2	11	13	28	22	4	9	4	3	4	6	20	19	7	3	8	10	12	7	16	5	4	5	20	5	12	8	10	4	13	35	13	20	6	9	13	9	12	12	9	18	5	20	10	16	11	27	11	6	14	17	13
P2_B12	9	18	29	29	11	9	9	11	9	9	16	3	27	28	14	17	20	10	10	10	15	7	23	16	12	14	8	25	10	7	8	11	13	3	27	20	57	37	26	30	0	11	0	5	5	7	12	12	11	18	14	24	0	9	5	6	15	12
P2_H2	0	12	42	0	0	0	0	0	0	0	0	18	32	12	6	11	32	0	0	0	0	0	18	17	7	11	5	4	0	0	0	0	0	0	10	44	10	23	23	14	0	0	0	0	0	0	21	21	20	24	27	22	0	0	0	0	0	0
P5_B10	13	0	0	0	0	6	0	0	27	0	18	4	9	8	6	2	0	96	119	29	32	28	13	10	0	1	8	26	9	12	22	24	18	21	13	0	12	13	0	0	22	17	0	33	30	23	4	0	7	0	0	0	6	5	16	0	0	28
P4_E4	1	0	0	0	0	2	0	5	0	0	9	0	1	0	0	0	0	40	59	3	3	6	0	1	0	0	0	0	7	6	5	13	11	9	1	0	0	0	0	0	6	4	2	12	1	11	0	0	0	0	0	0	1	7	5	0	4	4
P5_E7	1	5	7	22	0	11	6	46	27	22	81	7	5	14	28	7	19	55	23	35	42	30	4	5	7	3	9	10	15	21	10	15	25	20	10	0	5	12	7	7	11	36	37	13	18	43	4	0	1	0	8	9	31	18	9	8	28	43
P1_B10	10	18	15	18	11	0	8	12	0	16	4	5	21	7	6	15	9	17	6	9	0	9	5	18	5	9	6	9	7	6	8	6	8	11	16	10	29	20	17	14	6	3	0	6	6	1	9	6	13	11	12	29	2	4	3	2	2	10
P1_C2	3	10	3	3	4	20	13	14	22	33	23	0	1	4	2	0	0	19	13	18	16	18	2	3	4	3	2	4	10	29	14	27	43	9	3	3	6	1	0	3	14	23	10	8	9	11	4	1	2	3	4	4	23	9	10	8	14	26
P4_B5	9	3	8	6	7	8	1	0	4	0	4	2	10	4	15	7	1	28	9	12	21	13	3	5	1	2	2	4	1	1	14	4	4	13	8	11	22	39	4	16	2	4	9	29	11	7	1	2	1	11	25	14	4	5	18	20	21	5
P2_A1	7	18	9	17	22	0	0	0	0	13	1	4	5	3	6	3	8	7	7	8	5	9	5	7	4	8	3	6	10	5	0	5	7	0	7	5	14	10	17	8	0	5	0	0	0	2	8	0	6	1	3	8	1	2	3	1	1	1
P2_B1	6	4	0	2	27	8	3	6	20	26	16	2	2	0	0	0	0	0	4	0	2	6	6	0	9	0	6	0	7	12	7	16	13	12	1	0	0	0	0	0	4	11	14	0	7	8	5	0	3	2	1	3	25	4	1	5	9	7
P5_C1	2	6	8	7	7	4	1	0	9	14	1	1	3	1	0	0	0	7	7	10	0	3	0	2	2	7	5	2	6	3	4	4	3	0	3	4	13	6	2	1	5	5	2	4	2	1	5	5	7	1	2	3	6	4	2	2	7	7
P2_C2=P4_E2	1	0	0	0	0	2	0	5	0	0	6	2	0	0	2	4	0	11	0	11	0	0	4	9	3	3	3	7	6	25	0	14	21	6	11	10	3	0	8	0	11	6	0	2	0	8	6	0	9	3	1	2	17	11	0	5	5	11
P5_C5	3	4	3	2	0	0	0	0	0	0	0	4	3	2	0	0	4	3	1	0	0	0	0	3	1	3	1	0	0	2	0	2	0	0	2	15	8	6	46	14	0	0	0	0	0	0	2	1	12	7	11	9	0	0	0	0	0	0
P1_A9	10	11	4	6	7	0	2	0	16	6	5	0	3	0	0	2	1	4	1	2	0	0	1	8	2	5	0	2	2	4	1	0	7	4	4	12	7	5	7	7	2	4	2	7	2	3	2	1	3	1	5	1	5	4	0	0	2	5
P3_A2	7	0	1	0	0	0	0	32	12	4	0	3	6	1	3	3	0	2	8	0	0	2	3	3	6	3	2	1	0	6	5	11	0	1	3	6	10	9	6	8	1	0	0	4	3	0	1	0	2	3	3	3	0	0	0	0	3	0
P2_H12	2	1	8	0	0	0	0	0	0	0	0	0	1	2	0	0	0	12	8	0	0	0	0	1	0	3	0	0	9	13	1	0	0	0	0	0	5	0	3	3	5	9	0	0	0	0	3	0	0	0	0	0	0	0	0	0	0	0
P2_A8	1	3	6	0	4	0	4	0	3	5	0	1	0	1	3	4	8	2	3	5	0	0	2	4	4	0	0	0	0	2	4	6	2	3	2	0	2	5	0	5	2	0	0	2	0	0	6	3	0	1	5	0	4	2	0	0	4	0
P5_D10	0	2	3	0	2	2	8	11	7	6	5	2	0	1	0	0	0	7	13	10	0	5	0	0	0	0	0	2	7	1	4	12	8	4	0	0	0	0	1	1	4	3	0	0	0	0	0	0	0	0	2	0	0	4	4	0	2	1
P2_E10	0	6	16	16	19	19	15	0	12	0	0	0	2	0	0	0	7	7	0	2	0	0	0	0	0	3	0	0	2	0	0	0	12	0	1	0	0	0	1	0	0	3	0	0	0	9	5	0	0	0	0	0	0	0	3	0	0	6
P2_G8	3	12	0	2	8	0	0	3	4	13	0	2	1	2	0	1	2	5	4	0	0	6	0	3	1	3	2	1	6	6	6	6	0	0	0	0	0	0	1	0	0	1	0	0	0	1	2	0	0	0	1	1	1	1	0	0	6	0
P1_D2	0	0	0	0	0	0	0	0	0	0	0	0	0	0	0	0	0	15	14	7	0	7	0	0	0	0	0	0	0	0	0	0	0	0	0	0	0	0	0	0	0	0	0	0	0	0	0	0	0	0	0	0	0	0	8	0	0	11
P2_D3	0	3	1	0	0	0	0	0	9	8	3	0	0	0	0	0	0	0	1	1	0	0	0	1	0	3	0	0	1	4	0	1	3	7	0	0	3	0	1	0	0	0	2	4	5	0	4	0	4	0	1	0	4	2	3	0	1	6
P3_C6	4	6	1	2	1	2	0	0	8	7	1	0	0	0	0	0	0	0	0	0	0	0	0	0	0	1	0	2	0	3	0	0	4	2	6	0	0	0	0	0	0	2	0	7	4	0	1	0	1	1	2	3	2	0	0	0	2	4
P5_D4=P4_F1	1	1	0	0	2	4	0	3	10	0	11	0	2	1	0	0	0	6	5	4	5	3	0	0	2	3	0	0	14	3	5	0	0	0	0	0	3	2	0	0	4	1	1	4	3	3	0	0	0	0	0	0	7	3	3	4	0	1
P4_B11	0	0	0	0	0	0	0	0	0	0	0	0	0	0	0	0	0	10	7	0	0	0	0	0	0	1	0	0	1	10	0	0	0	0	0	0	2	0	2	0	0	0	0	0	0	0	1	0	0	0	0	3	0	0	0	0	0	0
P2_E3	0	0	0	0	0	0	0	0	0	0	0	0	0	0	2	0	0	0	0	0	0	0	0	0	0	0	0	0	0	3	1	0	0	0	0	1	1	0	0	1	0	0	0	0	0	0	0	0	2	0	0	0	0	2	0	0	0	0
P2_D8	1	4	1	0	0	0	0	0	0	0	0	0	0	0	0	0	0	0	0	0	0	0	0	0	0	0	0	0	0	2	0	0	0	0	0	2	3	0	0	0	0	1	0	0	0	0	0	0	2	0	0	0	0	0	0	0	0	0
P5_A5	0	1	0	0	0	0	0	0	0	0	0	0	0	0	0	0	0	0	0	0	0	0	0	2	0	0	0	0	0	3	0	0	0	0	0	0	2	0	3	6	0	0	0	0	0	0	5	0	7	5	3	0	0	0	0	0	0	0
P4_H6	0	0	0	0	0	0	0	0	0	0	0	0	0	0	0	0	0	0	0	0	0	3	0	0	0	3	0	0	0	0	4	0	0	0	0	0	0	0	0	0	0	0	0	0	0	0	0	0	0	1	0	2	0	0	1	0	0	1
P4_H7	0	0	0	0	0	0	0	0	0	0	0	0	0	0	0	0	0	6	0	2	0	1	0	0	0	0	0	0	0	0	0	0	0	0	0	0	0	0	0	0	0	0	0	0	0	0	0	0	0	0	0	0	0	1	0	0	2	0
P2_F5	0	0	1	0	0	0	0	0	0	0	0	0	1	0	0	0	0	0	0	0	0	0	0	0	0	1	2	0	0	0	0	5	0	0	1	0	1	3	0	0	0	0	0	0	0	0	2	0	2	0	0	0	0	0	0	0	0	0
P5_D2	0	0	0	0	0	0	0	0	0	0	0	0	0	0	0	0	0	0	0	0	0	0	0	0	0	0	0	0	0	0	0	0	0	0	0	0	0	0	0	0	0	0	4	0	0	0	0	0	0	0	0	0	0	0	0	0	0	0
P5_D12	2	1	4	0	0	0	0	0	0	0	0	0	2	0	0	0	0	3	0	0	0	0	0	1	0	0	0	0	0	0	0	0	0	0	0	0	0	0	0	0	1	0	0	0	0	0	0	0	1	0	0	1	0	0	0	0	0	0
P4_G10	0	0	0	0	0	0	0	0	0	0	0	0	0	0	0	0	0	2	3	0	0	0	0	0	0	0	0	0	0	2	3	0	0	0	0	0	2	0	0	0	0	0	0	0	0	0	0	0	0	0	0	0	0	0	0	0	0	0
P2_H3	0	0	0	0	0	0	0	0	0	0	0	0	0	0	0	0	0	0	0	0	0	0	0	3	0	0	0	1	0	3	0	0	0	0	0	0	0	0	0	0	0	0	0	0	0	0	0	0	0	0	1	0	0	0	0	0	0	0
P4_D8	0	0	0	0	0	0	0	0	0	0	0	0	0	0	0	0	0	3	0	0	0	0	0	0	0	0	0	0	0	0	0	0	0	0	0	0	0	0	0	0	0	0	0	0	0	0	0	0	0	0	0	0	0	0	1	0	0	0
P1_C9	0	0	0	0	0	0	0	0	0	0	0	0	0	0	0	0	0	0	0	0	0	0	0	0	0	0	0	0	0	0	0	0	0	0	0	0	0	0	0	0	0	0	0	0	0	0	0	0	0	0	0	0	0	0	3	0	0	0
P2_D9	0	0	0	0	1	0	0	0	0	0	0	0	0	0	0	0	0	1	3	0	0	0	0	0	0	0	0	0	0	0	0	1	0	0	0	0	0	0	0	0	0	0	2	0	0	0	0	0	0	0	0	1	0	0	0	0	0	0
P4_H11	0	0	0	0	0	0	0	0	0	0	0	0	2	1	0	0	0	5	1	0	0	0	0	0	0	0	0	0	0	0	0	0	0	0	0	0	0	0	0	0	0	0	0	0	0	0	0	0	0	0	0	0	0	0	0	0	0	0
P4_F5	0	0	0	0	0	0	0	0	0	0	0	0	0	0	0	0	0	0	0	0	0	0	0	0	0	0	0	0	0	0	0	0	0	1	0	0	0	0	0	0	0	0	0	0	0	0	0	0	0	0	0	0	0	0	0	0	0	0
P4_G7	0	0	0	0	0	0	0	0	0	0	0	0	0	0	0	0	0	0	0	0	0	0	0	0	0	0	0	0	0	1	0	0	0	0	0	0	0	0	0	0	0	0	0	0	0	0	0	0	0	0	0	0	0	0	0	0	0	0
P2_H9	0	0	0	0	0	0	0	0	0	0	0	0	0	0	0	0	0	0	0	0	0	0	0	0	0	0	0	0	0	3	1	2	0	0	0	0	0	0	0	0	0	3	0	0	0	1	0	0	0	0	0	0	0	0	0	0	0	0
P4_B8	0	0	0	0	0	0	0	0	0	2	0	0	0	0	0	0	0	0	0	0	0	0	0	0	0	0	0	0	0	0	0	0	0	0	0	2	0	0	0	0	0	0	0	0	0	0	0	0	0	0	0	0	0	0	0	0	0	0
P5_A6	0	0	0	0	0	0	0	0	0	0	0	0	0	0	0	0	0	0	0	0	0	0	0	0	0	0	0	0	0	0	0	0	0	0	0	0	0	0	0	0	1	0	0	0	0	0	0	0	0	0	0	0	0	0	0	0	0	0
P5_A4	0	0	0	0	0	1	0	0	0	0	0	0	0	0	0	0	0	0	0	0	0	0	0	0	0	0	0	0	0	0	1	0	0	0	0	0	0	0	0	0	0	0	0	0	0	0	0	0	0	0	0	0	0	0	0	0	0	0
P2_E4	0	0	1	0	0	0	0	0	0	0	0	0	0	0	0	0	0	0	0	0	0	0	0	0	0	0	0	0	2	0	0	0	0	0	0	0	0	0	0	0	0	0	0	0	0	0	0	0	0	0	0	0	0	0	0	0	0	0
P4_D3	0	0	0	0	0	0	0	0	0	0	0	0	0	0	0	0	0	0	0	0	0	0	0	0	0	0	0	0	2	0	0	0	0	0	0	0	0	0	0	0	0	0	0	0	0	0	0	0	0	0	0	0	0	0	0	0	0	0
P2_B3	0	0	0	0	0	0	0	0	0	0	0	0	0	0	0	0	0	0	0	0	0	0	0	0	0	0	0	0	0	0	0	0	0	0	0	0	0	0	0	0	0	0	0	2	0	0	0	0	0	0	0	0	0	0	0	0	0	0
